00000
00000
00100
00100
01000
01000
01100
01100
10000
10000
10100
10100
11000
11000
11100
11100
00001
00001
00101
00101
01001
01001
01101
01101
10001
10001
10101
10101
11001
11001
11101
11101
00000
00100
00100
00100
01000
01100
01100
01100
10000
10100
10100
10100
11000
11100
11100
11100
00001
00101
00101
00101
01001
01101
01101
01101
10001
10101
10101
10101
11001
11101
11101
11101
00000
00000
01100
01100
01000
01000
01100
01100
10000
10000
11100
11100
11000
11000
11100
11100
00001
00001
01101
01101
01001
01001
01101
01101
10001
10001
11101
11101
11001
11001
11101
11101
00000
01100
01100
01100
01000
01100
01100
01100
10000
11100
11100
11100
11000
11100
11100
11100
00001
01101
01101
01101
01001
01101
01101
01101
10001
11101
11101
11101
11001
11101
11101
11101
00000
00000
00100
00100
11000
11000
11100
11100
10000
10000
10100
10100
11000
11000
11100
11100
00001
00001
00101
00101
11001
11001
11101
11101
10001
10001
10101
10101
11001
11001
11101
11101
00000
00100
00100
00100
11000
11100
11100
11100
10000
10100
10100
10100
11000
11100
11100
11100
00001
00101
00101
00101
11001
11101
11101
11101
10001
10101
10101
10101
11001
11101
11101
11101
00000
00000
11100
11100
11000
11000
11100
11100
10000
10000
11100
11100
11000
11000
11100
11100
00001
00001
11101
11101
11001
11001
11101
11101
10001
10001
11101
11101
11001
11001
11101
11101
00000
11100
11100
11100
11000
11100
11100
11100
10000
11100
11100
11100
11000
11100
11100
11100
00001
11101
11101
11101
11001
11101
11101
11101
10001
11101
11101
11101
11001
11101
11101
11101
00000
00000
00100
00100
01000
01000
01100
01100
10001
10001
10101
10101
11001
11001
11101
11101
00001
00001
00101
00101
01001
01001
01101
01101
10001
10001
10101
10101
11001
11001
11101
11101
00000
00100
00100
00100
01000
01100
01100
01100
10001
10101
10101
10101
11001
11101
11101
11101
00001
00101
00101
00101
01001
01101
01101
01101
10001
10101
10101
10101
11001
11101
11101
11101
00000
00000
01100
01100
01000
01000
01100
01100
10001
10001
11101
11101
11001
11001
11101
11101
00001
00001
01101
01101
01001
01001
01101
01101
10001
10001
11101
11101
11001
11001
11101
11101
00000
01100
01100
01100
01000
01100
01100
01100
10001
11101
11101
11101
11001
11101
11101
11101
00001
01101
01101
01101
01001
01101
01101
01101
10001
11101
11101
11101
11001
11101
11101
11101
00000
00000
00100
00100
11001
11001
11101
11101
10001
10001
10101
10101
11001
11001
11101
11101
00001
00001
00101
00101
11001
11001
11101
11101
10001
10001
10101
10101
11001
11001
11101
11101
00000
00100
00100
00100
11001
11101
11101
11101
10001
10101
10101
10101
11001
11101
11101
11101
00001
00101
00101
00101
11001
11101
11101
11101
10001
10101
10101
10101
11001
11101
11101
11101
00000
00000
11101
11101
11001
11001
11101
11101
10001
10001
11101
11101
11001
11001
11101
11101
00001
00001
11101
11101
11001
11001
11101
11101
10001
10001
11101
11101
11001
11001
11101
11101
00010
11110
11111
11111
11011
11111
11111
11111
10011
11111
11111
11111
11011
11111
11111
11111
00011
11111
11111
11111
11011
11111
11111
11111
10011
11111
11111
11111
11011
11111
11111
11111